 Sr   27  38  87   0   0   9  13   1
   1  -1   0   0.00
   2  -1   0   0.00
   2   1   0   0.00
   2  -2   0   0.00
   3  -1   0   0.00
   3   1   0   0.00
   3  -2   0   0.00
   3   2   0   0.00
   3  -3   0   0.00
   4  -1   0   0.00
   4   1   0   0.00
   4  -2   0   0.00
   5  -1   1  -0.33
   5   1   1  -0.23
   5  -2   1  -0.23
   4   2   1  -0.13
   4  -3   1  -0.13
   6  -1   1  -0.17
   6   1   1  -0.13
   6  -2   1  -0.13
   5   2   1  -0.07
   5  -3   1  -0.07
   7  -1   1  -0.08
   7   1   1  -0.07
   7  -2   1  -0.07
   6   2   1  -0.04
   6  -3   1  -0.04
   1.5
   0.0005  0.03000  500
   1
   0.0000    4.8403    2.3
   0.0